# Blender v2.90.1 OBJ File: 'sidewallseats2.blend'
# www.blender.org
mtllib sidewallseats2.mtl
o SEAT1R_Plane.013
v 10.540999 0.000000 6.853921
v 10.540999 -0.000000 6.244321
v 11.150599 0.000000 6.853921
v 11.150599 -0.000000 6.244321
v 10.553674 0.000000 6.841248
v 10.553674 -0.000000 6.256995
v 11.137925 0.000000 6.841248
v 11.137925 -0.000000 6.256995
vt 1.000000 0.000000
vt 1.000000 1.000000
vt 1.000000 1.000000
vt 1.000000 0.000000
vt 1.000000 1.000000
vt 1.000000 1.000000
vt 1.000000 0.000000
vt 1.000000 0.000000
vn -0.0000 -1.0000 0.0000
vn 0.7072 -0.0000 -0.7071
vn 0.7071 0.0000 0.7072
usemtl None
s 1
f 1/1/1 2/2/1 6/3/1 5/4/1
f 2/2/1 4/5/2 8/6/1 6/3/1
f 4/5/2 3/7/3 7/8/1 8/6/1
f 3/7/3 1/1/1 5/4/1 7/8/1
o SEAT2R_Plane.002
v 11.150599 0.000000 6.853921
v 11.150599 -0.000000 6.244321
v 11.760199 0.000000 6.853921
v 11.760199 -0.000000 6.244321
v 11.163273 0.000000 6.841248
v 11.163273 -0.000000 6.256995
v 11.747524 0.000000 6.841248
v 11.747524 -0.000000 6.256995
vt 1.000000 0.000000
vt 1.000000 1.000000
vt 1.000000 1.000000
vt 1.000000 0.000000
vt 1.000000 1.000000
vt 1.000000 1.000000
vt 1.000000 0.000000
vt 1.000000 0.000000
vn -0.0000 -1.0000 0.0000
vn 0.7072 -0.0000 -0.7071
vn 0.7071 0.0000 0.7072
usemtl None
s 1
f 9/9/4 10/10/4 14/11/4 13/12/4
f 10/10/4 12/13/5 16/14/4 14/11/4
f 12/13/5 11/15/6 15/16/4 16/14/4
f 11/15/6 9/9/4 13/12/4 15/16/4
o SEAT3R_Plane.051
v 11.785601 0.000000 6.853921
v 11.785601 -0.000000 6.244321
v 12.395201 0.000000 6.853921
v 12.395201 -0.000000 6.244321
v 11.798275 0.000000 6.841248
v 11.798275 -0.000000 6.256995
v 12.382526 0.000000 6.841248
v 12.382526 -0.000000 6.256995
vt 1.000000 0.000000
vt 1.000000 1.000000
vt 1.000000 1.000000
vt 1.000000 0.000000
vt 1.000000 1.000000
vt 1.000000 1.000000
vt 1.000000 0.000000
vt 1.000000 0.000000
vn -0.0000 -1.0000 0.0000
vn 0.7072 -0.0000 -0.7071
vn 0.7071 0.0000 0.7072
usemtl None
s 1
f 17/17/7 18/18/7 22/19/7 21/20/7
f 18/18/7 20/21/8 24/22/7 22/19/7
f 20/21/8 19/23/9 23/24/7 24/22/7
f 19/23/9 17/17/7 21/20/7 23/24/7
o SEAT4R_Plane.056
v 12.395200 0.000000 6.853921
v 12.395200 -0.000000 6.244321
v 13.004800 0.000000 6.853921
v 13.004800 -0.000000 6.244321
v 12.407874 0.000000 6.841248
v 12.407874 -0.000000 6.256995
v 12.992126 0.000000 6.841248
v 12.992126 -0.000000 6.256995
vt 1.000000 0.000000
vt 1.000000 1.000000
vt 1.000000 1.000000
vt 1.000000 0.000000
vt 1.000000 1.000000
vt 1.000000 1.000000
vt 1.000000 0.000000
vt 1.000000 0.000000
vn -0.0000 -1.0000 0.0000
vn 0.7072 -0.0000 -0.7071
vn 0.7071 0.0000 0.7072
usemtl None
s 1
f 25/25/10 26/26/10 30/27/10 29/28/10
f 26/26/10 28/29/11 32/30/10 30/27/10
f 28/29/11 27/31/12 31/32/10 32/30/10
f 27/31/12 25/25/10 29/28/10 31/32/10
o SEAT5R_Plane.057
v 13.030200 0.000000 6.853921
v 13.030200 -0.000000 6.244321
v 13.639800 0.000000 6.853921
v 13.639800 -0.000000 6.244321
v 13.042874 0.000000 6.841248
v 13.042874 -0.000000 6.256995
v 13.627126 0.000000 6.841248
v 13.627126 -0.000000 6.256995
vt 1.000000 0.000000
vt 1.000000 1.000000
vt 1.000000 1.000000
vt 1.000000 0.000000
vt 1.000000 1.000000
vt 1.000000 1.000000
vt 1.000000 0.000000
vt 1.000000 0.000000
vn -0.0000 -1.0000 0.0000
vn 0.7072 -0.0000 -0.7071
vn 0.7071 0.0000 0.7072
usemtl None
s 1
f 33/33/13 34/34/13 38/35/13 37/36/13
f 34/34/13 36/37/14 40/38/13 38/35/13
f 36/37/14 35/39/15 39/40/13 40/38/13
f 35/39/15 33/33/13 37/36/13 39/40/13
o SEAT6R_Plane.058
v 13.639799 0.000000 6.853921
v 13.639799 -0.000000 6.244321
v 14.249399 0.000000 6.853921
v 14.249399 -0.000000 6.244321
v 13.652473 0.000000 6.841248
v 13.652473 -0.000000 6.256995
v 14.236725 0.000000 6.841248
v 14.236725 -0.000000 6.256995
vt 1.000000 0.000000
vt 1.000000 1.000000
vt 1.000000 1.000000
vt 1.000000 0.000000
vt 1.000000 1.000000
vt 1.000000 1.000000
vt 1.000000 0.000000
vt 1.000000 0.000000
vn -0.0000 -1.0000 0.0000
vn 0.7072 -0.0000 -0.7071
vn 0.7071 0.0000 0.7072
usemtl None
s 1
f 41/41/16 42/42/16 46/43/16 45/44/16
f 42/42/16 44/45/17 48/46/16 46/43/16
f 44/45/17 43/47/18 47/48/16 48/46/16
f 43/47/18 41/41/16 45/44/16 47/48/16
o SEAT7R_Plane.061
v 14.274799 0.000000 6.853921
v 14.274799 -0.000000 6.244321
v 14.884399 0.000000 6.853921
v 14.884399 -0.000000 6.244321
v 14.287474 0.000000 6.841248
v 14.287474 -0.000000 6.256995
v 14.871725 0.000000 6.841248
v 14.871725 -0.000000 6.256995
vt 1.000000 0.000000
vt 1.000000 1.000000
vt 1.000000 1.000000
vt 1.000000 0.000000
vt 1.000000 1.000000
vt 1.000000 1.000000
vt 1.000000 0.000000
vt 1.000000 0.000000
vn -0.0000 -1.0000 0.0000
vn 0.7072 -0.0000 -0.7071
vn 0.7071 0.0000 0.7072
usemtl None
s 1
f 49/49/19 50/50/19 54/51/19 53/52/19
f 50/50/19 52/53/20 56/54/19 54/51/19
f 52/53/20 51/55/21 55/56/19 56/54/19
f 51/55/21 49/49/19 53/52/19 55/56/19
o SEAT8R_Plane.062
v 14.884398 0.000000 6.853921
v 14.884398 -0.000000 6.244321
v 15.493999 0.000000 6.853921
v 15.493999 -0.000000 6.244321
v 14.897073 0.000000 6.841248
v 14.897073 -0.000000 6.256995
v 15.481324 0.000000 6.841248
v 15.481324 -0.000000 6.256995
vt 1.000000 0.000000
vt 1.000000 1.000000
vt 1.000000 1.000000
vt 1.000000 0.000000
vt 1.000000 1.000000
vt 1.000000 1.000000
vt 1.000000 0.000000
vt 1.000000 0.000000
vn -0.0000 -1.0000 0.0000
vn 0.7072 -0.0000 -0.7071
vn 0.7071 0.0000 0.7072
usemtl None
s 1
f 57/57/22 58/58/22 62/59/22 61/60/22
f 58/58/22 60/61/23 64/62/22 62/59/22
f 60/61/23 59/63/24 63/64/22 64/62/22
f 59/63/24 57/57/22 61/60/22 63/64/22
o SEAT9R_Plane.063
v 15.519401 0.000000 6.853921
v 15.519401 -0.000000 6.244321
v 16.129002 0.000000 6.853921
v 16.129002 -0.000000 6.244321
v 15.532075 0.000000 6.841248
v 15.532075 -0.000000 6.256995
v 16.116327 0.000000 6.841248
v 16.116327 -0.000000 6.256995
vt 1.000000 0.000000
vt 1.000000 1.000000
vt 1.000000 1.000000
vt 1.000000 0.000000
vt 1.000000 1.000000
vt 1.000000 1.000000
vt 1.000000 0.000000
vt 1.000000 0.000000
vn -0.0000 -1.0000 0.0000
vn 0.7072 -0.0000 -0.7071
vn 0.7071 0.0000 0.7072
usemtl None
s 1
f 65/65/25 66/66/25 70/67/25 69/68/25
f 66/66/25 68/69/26 72/70/25 70/67/25
f 68/69/26 67/71/27 71/72/25 72/70/25
f 67/71/27 65/65/25 69/68/25 71/72/25
o SEAT10R_Plane.064
v 16.129000 0.000000 6.853921
v 16.129000 -0.000000 6.244321
v 16.738600 0.000000 6.853921
v 16.738600 -0.000000 6.244321
v 16.141674 0.000000 6.841248
v 16.141674 -0.000000 6.256995
v 16.725925 0.000000 6.841248
v 16.725925 -0.000000 6.256995
vt 1.000000 0.000000
vt 1.000000 1.000000
vt 1.000000 1.000000
vt 1.000000 0.000000
vt 1.000000 1.000000
vt 1.000000 1.000000
vt 1.000000 0.000000
vt 1.000000 0.000000
vn -0.0000 -1.0000 0.0000
vn 0.7072 -0.0000 -0.7071
vn 0.7071 0.0000 0.7072
usemtl None
s 1
f 73/73/28 74/74/28 78/75/28 77/76/28
f 74/74/28 76/77/29 80/78/28 78/75/28
f 76/77/29 75/79/30 79/80/28 80/78/28
f 75/79/30 73/73/28 77/76/28 79/80/28
o SEAT11R_Plane.065
v 16.764002 0.000000 6.853921
v 16.764002 -0.000000 6.244321
v 17.373602 0.000000 6.853921
v 17.373602 -0.000000 6.244321
v 16.776676 0.000000 6.841248
v 16.776676 -0.000000 6.256995
v 17.360928 0.000000 6.841248
v 17.360928 -0.000000 6.256995
vt 1.000000 0.000000
vt 1.000000 1.000000
vt 1.000000 1.000000
vt 1.000000 0.000000
vt 1.000000 1.000000
vt 1.000000 1.000000
vt 1.000000 0.000000
vt 1.000000 0.000000
vn -0.0000 -1.0000 0.0000
vn 0.7072 -0.0000 -0.7071
vn 0.7071 0.0000 0.7072
usemtl None
s 1
f 81/81/31 82/82/31 86/83/31 85/84/31
f 82/82/31 84/85/32 88/86/31 86/83/31
f 84/85/32 83/87/33 87/88/31 88/86/31
f 83/87/33 81/81/31 85/84/31 87/88/31
o SEAT12R_Plane.066
v 17.373600 0.000000 6.853921
v 17.373600 -0.000000 6.244321
v 17.983200 0.000000 6.853921
v 17.983200 -0.000000 6.244321
v 17.386274 0.000000 6.841248
v 17.386274 -0.000000 6.256995
v 17.970526 0.000000 6.841248
v 17.970526 -0.000000 6.256995
vt 1.000000 0.000000
vt 1.000000 1.000000
vt 1.000000 1.000000
vt 1.000000 0.000000
vt 1.000000 1.000000
vt 1.000000 1.000000
vt 1.000000 0.000000
vt 1.000000 0.000000
vn -0.0000 -1.0000 0.0000
vn 0.7072 -0.0000 -0.7071
vn 0.7071 0.0000 0.7072
usemtl None
s 1
f 89/89/34 90/90/34 94/91/34 93/92/34
f 90/90/34 92/93/35 96/94/34 94/91/34
f 92/93/35 91/95/36 95/96/34 96/94/34
f 91/95/36 89/89/34 93/92/34 95/96/34
o SEAT13R_Plane.067
v 18.034000 0.000000 6.853921
v 18.034000 -0.000000 6.244321
v 18.643600 0.000000 6.853921
v 18.643600 -0.000000 6.244321
v 18.046675 0.000000 6.841248
v 18.046675 -0.000000 6.256995
v 18.630926 0.000000 6.841248
v 18.630926 -0.000000 6.256995
vt 1.000000 0.000000
vt 1.000000 1.000000
vt 1.000000 1.000000
vt 1.000000 0.000000
vt 1.000000 1.000000
vt 1.000000 1.000000
vt 1.000000 0.000000
vt 1.000000 0.000000
vn -0.0000 -1.0000 0.0000
vn 0.7072 -0.0000 -0.7071
vn 0.7071 0.0000 0.7072
usemtl None
s 1
f 97/97/37 98/98/37 102/99/37 101/100/37
f 98/98/37 100/101/38 104/102/37 102/99/37
f 100/101/38 99/103/39 103/104/37 104/102/37
f 99/103/39 97/97/37 101/100/37 103/104/37
o SEAT14R_Plane.068
v 18.643599 0.000000 6.853921
v 18.643599 -0.000000 6.244321
v 19.253199 0.000000 6.853921
v 19.253199 -0.000000 6.244321
v 18.656273 0.000000 6.841248
v 18.656273 -0.000000 6.256995
v 19.240524 0.000000 6.841248
v 19.240524 -0.000000 6.256995
vt 1.000000 0.000000
vt 1.000000 1.000000
vt 1.000000 1.000000
vt 1.000000 0.000000
vt 1.000000 1.000000
vt 1.000000 1.000000
vt 1.000000 0.000000
vt 1.000000 0.000000
vn -0.0000 -1.0000 0.0000
vn 0.7072 -0.0000 -0.7071
vn 0.7071 0.0000 0.7072
usemtl None
s 1
f 105/105/40 106/106/40 110/107/40 109/108/40
f 106/106/40 108/109/41 112/110/40 110/107/40
f 108/109/41 107/111/42 111/112/40 112/110/40
f 107/111/42 105/105/40 109/108/40 111/112/40
o SEAT15R_Plane.069
v 19.253201 0.000000 6.853921
v 19.253201 -0.000000 6.244321
v 19.862801 0.000000 6.853921
v 19.862801 -0.000000 6.244321
v 19.265875 0.000000 6.841248
v 19.265875 -0.000000 6.256995
v 19.850126 0.000000 6.841248
v 19.850126 -0.000000 6.256995
vt 1.000000 0.000000
vt 1.000000 1.000000
vt 1.000000 1.000000
vt 1.000000 0.000000
vt 1.000000 1.000000
vt 1.000000 1.000000
vt 1.000000 0.000000
vt 1.000000 0.000000
vn -0.0000 -1.0000 0.0000
vn 0.7072 -0.0000 -0.7071
vn 0.7071 0.0000 0.7072
usemtl None
s 1
f 113/113/43 114/114/43 118/115/43 117/116/43
f 114/114/43 116/117/44 120/118/43 118/115/43
f 116/117/44 115/119/45 119/120/43 120/118/43
f 115/119/45 113/113/43 117/116/43 119/120/43
o SEAT16R_Plane.070
v 19.862799 0.000000 6.853921
v 19.862799 -0.000000 6.244321
v 20.472399 0.000000 6.853921
v 20.472399 -0.000000 6.244321
v 19.875473 0.000000 6.841248
v 19.875473 -0.000000 6.256995
v 20.459724 0.000000 6.841248
v 20.459724 -0.000000 6.256995
vt 1.000000 0.000000
vt 1.000000 1.000000
vt 1.000000 1.000000
vt 1.000000 0.000000
vt 1.000000 1.000000
vt 1.000000 1.000000
vt 1.000000 0.000000
vt 1.000000 0.000000
vn -0.0000 -1.0000 0.0000
vn 0.7072 -0.0000 -0.7071
vn 0.7071 0.0000 0.7072
usemtl None
s 1
f 121/121/46 122/122/46 126/123/46 125/124/46
f 122/122/46 124/125/47 128/126/46 126/123/46
f 124/125/47 123/127/48 127/128/46 128/126/46
f 123/127/48 121/121/46 125/124/46 127/128/46
o SEAT17R_Plane.071
v 20.497801 0.000000 6.853921
v 20.497801 -0.000000 6.244321
v 21.107401 0.000000 6.853921
v 21.107401 -0.000000 6.244321
v 20.510475 0.000000 6.841248
v 20.510475 -0.000000 6.256995
v 21.094727 0.000000 6.841248
v 21.094727 -0.000000 6.256995
vt 1.000000 0.000000
vt 1.000000 1.000000
vt 1.000000 1.000000
vt 1.000000 0.000000
vt 1.000000 1.000000
vt 1.000000 1.000000
vt 1.000000 0.000000
vt 1.000000 0.000000
vn -0.0000 -1.0000 0.0000
vn 0.7072 -0.0000 -0.7071
vn 0.7071 0.0000 0.7072
usemtl None
s 1
f 129/129/49 130/130/49 134/131/49 133/132/49
f 130/130/49 132/133/50 136/134/49 134/131/49
f 132/133/50 131/135/51 135/136/49 136/134/49
f 131/135/51 129/129/49 133/132/49 135/136/49
o SEAT18R_Plane.072
v 21.107399 0.000000 6.853921
v 21.107399 -0.000000 6.244321
v 21.716999 0.000000 6.853921
v 21.716999 -0.000000 6.244321
v 21.120073 0.000000 6.841248
v 21.120073 -0.000000 6.256995
v 21.704325 0.000000 6.841248
v 21.704325 -0.000000 6.256995
vt 1.000000 0.000000
vt 1.000000 1.000000
vt 1.000000 1.000000
vt 1.000000 0.000000
vt 1.000000 1.000000
vt 1.000000 1.000000
vt 1.000000 0.000000
vt 1.000000 0.000000
vn -0.0000 -1.0000 0.0000
vn 0.7072 -0.0000 -0.7071
vn 0.7071 0.0000 0.7072
usemtl None
s 1
f 137/137/52 138/138/52 142/139/52 141/140/52
f 138/138/52 140/141/53 144/142/52 142/139/52
f 140/141/53 139/143/54 143/144/52 144/142/52
f 139/143/54 137/137/52 141/140/52 143/144/52
o SEAT19R_Plane.073
v 21.742401 0.000000 6.853921
v 21.742401 -0.000000 6.244321
v 22.352001 0.000000 6.853921
v 22.352001 -0.000000 6.244321
v 21.755075 0.000000 6.841248
v 21.755075 -0.000000 6.256995
v 22.339327 0.000000 6.841248
v 22.339327 -0.000000 6.256995
vt 1.000000 0.000000
vt 1.000000 1.000000
vt 1.000000 1.000000
vt 1.000000 0.000000
vt 1.000000 1.000000
vt 1.000000 1.000000
vt 1.000000 0.000000
vt 1.000000 0.000000
vn -0.0000 -1.0000 0.0000
vn 0.7072 -0.0000 -0.7071
vn 0.7071 0.0000 0.7072
usemtl None
s 1
f 145/145/55 146/146/55 150/147/55 149/148/55
f 146/146/55 148/149/56 152/150/55 150/147/55
f 148/149/56 147/151/57 151/152/55 152/150/55
f 147/151/57 145/145/55 149/148/55 151/152/55
o SEAT20R_Plane.074
v 22.351999 0.000000 6.853921
v 22.351999 -0.000000 6.244321
v 22.961599 0.000000 6.853921
v 22.961599 -0.000000 6.244321
v 22.364674 0.000000 6.841248
v 22.364674 -0.000000 6.256995
v 22.948925 0.000000 6.841248
v 22.948925 -0.000000 6.256995
vt 1.000000 0.000000
vt 1.000000 1.000000
vt 1.000000 1.000000
vt 1.000000 0.000000
vt 1.000000 1.000000
vt 1.000000 1.000000
vt 1.000000 0.000000
vt 1.000000 0.000000
vn -0.0000 -1.0000 0.0000
vn 0.7072 -0.0000 -0.7071
vn 0.7071 0.0000 0.7072
usemtl None
s 1
f 153/153/58 154/154/58 158/155/58 157/156/58
f 154/154/58 156/157/59 160/158/58 158/155/58
f 156/157/59 155/159/60 159/160/58 160/158/58
f 155/159/60 153/153/58 157/156/58 159/160/58
o SEAT21R_Plane.075
v 22.987000 0.000000 6.853921
v 22.987000 -0.000000 6.244321
v 23.596600 0.000000 6.853921
v 23.596600 -0.000000 6.244321
v 22.999674 0.000000 6.841248
v 22.999674 -0.000000 6.256995
v 23.583925 0.000000 6.841248
v 23.583925 -0.000000 6.256995
vt 1.000000 0.000000
vt 1.000000 1.000000
vt 1.000000 1.000000
vt 1.000000 0.000000
vt 1.000000 1.000000
vt 1.000000 1.000000
vt 1.000000 0.000000
vt 1.000000 0.000000
vn -0.0000 -1.0000 0.0000
vn 0.7072 -0.0000 -0.7071
vn 0.7071 0.0000 0.7072
usemtl None
s 1
f 161/161/61 162/162/61 166/163/61 165/164/61
f 162/162/61 164/165/62 168/166/61 166/163/61
f 164/165/62 163/167/63 167/168/61 168/166/61
f 163/167/63 161/161/61 165/164/61 167/168/61
o SEAT22R_Plane.076
v 23.596598 0.000000 6.853921
v 23.596598 -0.000000 6.244321
v 24.206198 0.000000 6.853921
v 24.206198 -0.000000 6.244321
v 23.609272 0.000000 6.841248
v 23.609272 -0.000000 6.256995
v 24.193523 0.000000 6.841248
v 24.193523 -0.000000 6.256995
vt 1.000000 0.000000
vt 1.000000 1.000000
vt 1.000000 1.000000
vt 1.000000 0.000000
vt 1.000000 1.000000
vt 1.000000 1.000000
vt 1.000000 0.000000
vt 1.000000 0.000000
vn -0.0000 -1.0000 0.0000
vn 0.7072 -0.0000 -0.7071
vn 0.7071 0.0000 0.7072
usemtl None
s 1
f 169/169/64 170/170/64 174/171/64 173/172/64
f 170/170/64 172/173/65 176/174/64 174/171/64
f 172/173/65 171/175/66 175/176/64 176/174/64
f 171/175/66 169/169/64 173/172/64 175/176/64
o SEAT23R_Plane.077
v 24.231602 0.000000 6.853921
v 24.231602 -0.000000 6.244321
v 24.841202 0.000000 6.853921
v 24.841202 -0.000000 6.244321
v 24.244276 0.000000 6.841248
v 24.244276 -0.000000 6.256995
v 24.828527 0.000000 6.841248
v 24.828527 -0.000000 6.256995
vt 1.000000 0.000000
vt 1.000000 1.000000
vt 1.000000 1.000000
vt 1.000000 0.000000
vt 1.000000 1.000000
vt 1.000000 1.000000
vt 1.000000 0.000000
vt 1.000000 0.000000
vn -0.0000 -1.0000 0.0000
vn 0.7072 -0.0000 -0.7071
vn 0.7071 0.0000 0.7072
usemtl None
s 1
f 177/177/67 178/178/67 182/179/67 181/180/67
f 178/178/67 180/181/68 184/182/67 182/179/67
f 180/181/68 179/183/69 183/184/67 184/182/67
f 179/183/69 177/177/67 181/180/67 183/184/67
o SEAT24R_Plane.078
v 24.841200 0.000000 6.853921
v 24.841200 -0.000000 6.244321
v 25.450800 0.000000 6.853921
v 25.450800 -0.000000 6.244321
v 24.853874 0.000000 6.841248
v 24.853874 -0.000000 6.256995
v 25.438126 0.000000 6.841248
v 25.438126 -0.000000 6.256995
vt 1.000000 0.000000
vt 1.000000 1.000000
vt 1.000000 1.000000
vt 1.000000 0.000000
vt 1.000000 1.000000
vt 1.000000 1.000000
vt 1.000000 0.000000
vt 1.000000 0.000000
vn -0.0000 -1.0000 0.0000
vn 0.7072 -0.0000 -0.7071
vn 0.7071 0.0000 0.7072
usemtl None
s 1
f 185/185/70 186/186/70 190/187/70 189/188/70
f 186/186/70 188/189/71 192/190/70 190/187/70
f 188/189/71 187/191/72 191/192/70 192/190/70
f 187/191/72 185/185/70 189/188/70 191/192/70
o SEAT25R_Plane.079
v 25.476202 0.000000 6.853921
v 25.476202 -0.000000 6.244321
v 26.085802 0.000000 6.853921
v 26.085802 -0.000000 6.244321
v 25.488876 0.000000 6.841248
v 25.488876 -0.000000 6.256995
v 26.073128 0.000000 6.841248
v 26.073128 -0.000000 6.256995
vt 1.000000 0.000000
vt 1.000000 1.000000
vt 1.000000 1.000000
vt 1.000000 0.000000
vt 1.000000 1.000000
vt 1.000000 1.000000
vt 1.000000 0.000000
vt 1.000000 0.000000
vn -0.0000 -1.0000 0.0000
vn 0.7072 -0.0000 -0.7071
vn 0.7071 0.0000 0.7072
usemtl None
s 1
f 193/193/73 194/194/73 198/195/73 197/196/73
f 194/194/73 196/197/74 200/198/73 198/195/73
f 196/197/74 195/199/75 199/200/73 200/198/73
f 195/199/75 193/193/73 197/196/73 199/200/73
o SEAT26R_Plane.080
v 26.085800 0.000000 6.853921
v 26.085800 -0.000000 6.244321
v 26.695400 0.000000 6.853921
v 26.695400 -0.000000 6.244321
v 26.098475 0.000000 6.841248
v 26.098475 -0.000000 6.256995
v 26.682726 0.000000 6.841248
v 26.682726 -0.000000 6.256995
vt 1.000000 0.000000
vt 1.000000 1.000000
vt 1.000000 1.000000
vt 1.000000 0.000000
vt 1.000000 1.000000
vt 1.000000 1.000000
vt 1.000000 0.000000
vt 1.000000 0.000000
vn -0.0000 -1.0000 0.0000
vn 0.7072 -0.0000 -0.7071
vn 0.7071 0.0000 0.7072
usemtl None
s 1
f 201/201/76 202/202/76 206/203/76 205/204/76
f 202/202/76 204/205/77 208/206/76 206/203/76
f 204/205/77 203/207/78 207/208/76 208/206/76
f 203/207/78 201/201/76 205/204/76 207/208/76
o SEAT27R_Plane.081
v 26.720800 0.000000 6.853921
v 26.720800 -0.000000 6.244321
v 27.330400 0.000000 6.853921
v 27.330400 -0.000000 6.244321
v 26.733475 0.000000 6.841248
v 26.733475 -0.000000 6.256995
v 27.317726 0.000000 6.841248
v 27.317726 -0.000000 6.256995
vt 1.000000 0.000000
vt 1.000000 1.000000
vt 1.000000 1.000000
vt 1.000000 0.000000
vt 1.000000 1.000000
vt 1.000000 1.000000
vt 1.000000 0.000000
vt 1.000000 0.000000
vn -0.0000 -1.0000 0.0000
vn 0.7072 -0.0000 -0.7071
vn 0.7071 0.0000 0.7072
usemtl None
s 1
f 209/209/79 210/210/79 214/211/79 213/212/79
f 210/210/79 212/213/80 216/214/79 214/211/79
f 212/213/80 211/215/81 215/216/79 216/214/79
f 211/215/81 209/209/79 213/212/79 215/216/79
o SEAT1L_Plane.115
v 10.540999 0.000000 11.654523
v 10.540999 -0.000000 11.044923
v 11.150599 0.000000 11.654523
v 11.150599 -0.000000 11.044923
v 10.553674 0.000000 11.641849
v 10.553674 -0.000000 11.057597
v 11.137925 0.000000 11.641849
v 11.137925 -0.000000 11.057597
vt 1.000000 0.000000
vt 1.000000 1.000000
vt 1.000000 1.000000
vt 1.000000 0.000000
vt 1.000000 1.000000
vt 1.000000 1.000000
vt 1.000000 0.000000
vt 1.000000 0.000000
vn -0.0000 -1.0000 0.0000
vn 0.7072 -0.0000 -0.7071
vn 0.7071 0.0000 0.7072
usemtl None
s 1
f 217/217/82 218/218/82 222/219/82 221/220/82
f 218/218/82 220/221/83 224/222/82 222/219/82
f 220/221/83 219/223/84 223/224/82 224/222/82
f 219/223/84 217/217/82 221/220/82 223/224/82
o SEAT2L_Plane.116
v 11.150599 0.000000 11.654523
v 11.150599 -0.000000 11.044923
v 11.760199 0.000000 11.654523
v 11.760199 -0.000000 11.044923
v 11.163273 0.000000 11.641849
v 11.163273 -0.000000 11.057597
v 11.747524 0.000000 11.641849
v 11.747524 -0.000000 11.057597
vt 1.000000 0.000000
vt 1.000000 1.000000
vt 1.000000 1.000000
vt 1.000000 0.000000
vt 1.000000 1.000000
vt 1.000000 1.000000
vt 1.000000 0.000000
vt 1.000000 0.000000
vn -0.0000 -1.0000 0.0000
vn 0.7072 -0.0000 -0.7071
vn 0.7071 0.0000 0.7072
usemtl None
s 1
f 225/225/85 226/226/85 230/227/85 229/228/85
f 226/226/85 228/229/86 232/230/85 230/227/85
f 228/229/86 227/231/87 231/232/85 232/230/85
f 227/231/87 225/225/85 229/228/85 231/232/85
o SEAT3L_Plane.117
v 11.785601 0.000000 11.654523
v 11.785601 -0.000000 11.044923
v 12.395201 0.000000 11.654523
v 12.395201 -0.000000 11.044923
v 11.798275 0.000000 11.641849
v 11.798275 -0.000000 11.057597
v 12.382526 0.000000 11.641849
v 12.382526 -0.000000 11.057597
vt 1.000000 0.000000
vt 1.000000 1.000000
vt 1.000000 1.000000
vt 1.000000 0.000000
vt 1.000000 1.000000
vt 1.000000 1.000000
vt 1.000000 0.000000
vt 1.000000 0.000000
vn -0.0000 -1.0000 0.0000
vn 0.7072 -0.0000 -0.7071
vn 0.7071 0.0000 0.7072
usemtl None
s 1
f 233/233/88 234/234/88 238/235/88 237/236/88
f 234/234/88 236/237/89 240/238/88 238/235/88
f 236/237/89 235/239/90 239/240/88 240/238/88
f 235/239/90 233/233/88 237/236/88 239/240/88
o SEAT4L_Plane.118
v 12.395200 0.000000 11.654523
v 12.395200 -0.000000 11.044923
v 13.004800 0.000000 11.654523
v 13.004800 -0.000000 11.044923
v 12.407874 0.000000 11.641849
v 12.407874 -0.000000 11.057597
v 12.992126 0.000000 11.641849
v 12.992126 -0.000000 11.057597
vt 1.000000 0.000000
vt 1.000000 1.000000
vt 1.000000 1.000000
vt 1.000000 0.000000
vt 1.000000 1.000000
vt 1.000000 1.000000
vt 1.000000 0.000000
vt 1.000000 0.000000
vn -0.0000 -1.0000 0.0000
vn 0.7072 -0.0000 -0.7071
vn 0.7071 0.0000 0.7072
usemtl None
s 1
f 241/241/91 242/242/91 246/243/91 245/244/91
f 242/242/91 244/245/92 248/246/91 246/243/91
f 244/245/92 243/247/93 247/248/91 248/246/91
f 243/247/93 241/241/91 245/244/91 247/248/91
o SEAT5L_Plane.119
v 13.030200 0.000000 11.654523
v 13.030200 -0.000000 11.044923
v 13.639800 0.000000 11.654523
v 13.639800 -0.000000 11.044923
v 13.042874 0.000000 11.641849
v 13.042874 -0.000000 11.057597
v 13.627126 0.000000 11.641849
v 13.627126 -0.000000 11.057597
vt 1.000000 0.000000
vt 1.000000 1.000000
vt 1.000000 1.000000
vt 1.000000 0.000000
vt 1.000000 1.000000
vt 1.000000 1.000000
vt 1.000000 0.000000
vt 1.000000 0.000000
vn -0.0000 -1.0000 0.0000
vn 0.7072 -0.0000 -0.7071
vn 0.7071 0.0000 0.7072
usemtl None
s 1
f 249/249/94 250/250/94 254/251/94 253/252/94
f 250/250/94 252/253/95 256/254/94 254/251/94
f 252/253/95 251/255/96 255/256/94 256/254/94
f 251/255/96 249/249/94 253/252/94 255/256/94
o SEAT6L_Plane.120
v 13.639799 0.000000 11.654523
v 13.639799 -0.000000 11.044923
v 14.249399 0.000000 11.654523
v 14.249399 -0.000000 11.044923
v 13.652473 0.000000 11.641849
v 13.652473 -0.000000 11.057597
v 14.236725 0.000000 11.641849
v 14.236725 -0.000000 11.057597
vt 1.000000 0.000000
vt 1.000000 1.000000
vt 1.000000 1.000000
vt 1.000000 0.000000
vt 1.000000 1.000000
vt 1.000000 1.000000
vt 1.000000 0.000000
vt 1.000000 0.000000
vn -0.0000 -1.0000 0.0000
vn 0.7072 -0.0000 -0.7071
vn 0.7071 0.0000 0.7072
usemtl None
s 1
f 257/257/97 258/258/97 262/259/97 261/260/97
f 258/258/97 260/261/98 264/262/97 262/259/97
f 260/261/98 259/263/99 263/264/97 264/262/97
f 259/263/99 257/257/97 261/260/97 263/264/97
o SEAT7L_Plane.121
v 14.274799 0.000000 11.654523
v 14.274799 -0.000000 11.044923
v 14.884399 0.000000 11.654523
v 14.884399 -0.000000 11.044923
v 14.287474 0.000000 11.641849
v 14.287474 -0.000000 11.057597
v 14.871725 0.000000 11.641849
v 14.871725 -0.000000 11.057597
vt 1.000000 0.000000
vt 1.000000 1.000000
vt 1.000000 1.000000
vt 1.000000 0.000000
vt 1.000000 1.000000
vt 1.000000 1.000000
vt 1.000000 0.000000
vt 1.000000 0.000000
vn -0.0000 -1.0000 0.0000
vn 0.7072 -0.0000 -0.7071
vn 0.7071 0.0000 0.7072
usemtl None
s 1
f 265/265/100 266/266/100 270/267/100 269/268/100
f 266/266/100 268/269/101 272/270/100 270/267/100
f 268/269/101 267/271/102 271/272/100 272/270/100
f 267/271/102 265/265/100 269/268/100 271/272/100
o SEAT8L_Plane.122
v 14.884398 0.000000 11.654523
v 14.884398 -0.000000 11.044923
v 15.493999 0.000000 11.654523
v 15.493999 -0.000000 11.044923
v 14.897073 0.000000 11.641849
v 14.897073 -0.000000 11.057597
v 15.481324 0.000000 11.641849
v 15.481324 -0.000000 11.057597
vt 1.000000 0.000000
vt 1.000000 1.000000
vt 1.000000 1.000000
vt 1.000000 0.000000
vt 1.000000 1.000000
vt 1.000000 1.000000
vt 1.000000 0.000000
vt 1.000000 0.000000
vn -0.0000 -1.0000 0.0000
vn 0.7072 -0.0000 -0.7071
vn 0.7071 0.0000 0.7072
usemtl None
s 1
f 273/273/103 274/274/103 278/275/103 277/276/103
f 274/274/103 276/277/104 280/278/103 278/275/103
f 276/277/104 275/279/105 279/280/103 280/278/103
f 275/279/105 273/273/103 277/276/103 279/280/103
o SEAT9L_Plane.123
v 15.519401 0.000000 11.654523
v 15.519401 -0.000000 11.044923
v 16.129002 0.000000 11.654523
v 16.129002 -0.000000 11.044923
v 15.532075 0.000000 11.641849
v 15.532075 -0.000000 11.057597
v 16.116327 0.000000 11.641849
v 16.116327 -0.000000 11.057597
vt 1.000000 0.000000
vt 1.000000 1.000000
vt 1.000000 1.000000
vt 1.000000 0.000000
vt 1.000000 1.000000
vt 1.000000 1.000000
vt 1.000000 0.000000
vt 1.000000 0.000000
vn -0.0000 -1.0000 0.0000
vn 0.7072 -0.0000 -0.7071
vn 0.7071 0.0000 0.7072
usemtl None
s 1
f 281/281/106 282/282/106 286/283/106 285/284/106
f 282/282/106 284/285/107 288/286/106 286/283/106
f 284/285/107 283/287/108 287/288/106 288/286/106
f 283/287/108 281/281/106 285/284/106 287/288/106
o SEAT10L_Plane.124
v 16.129000 0.000000 11.654523
v 16.129000 -0.000000 11.044923
v 16.738600 0.000000 11.654523
v 16.738600 -0.000000 11.044923
v 16.141674 0.000000 11.641849
v 16.141674 -0.000000 11.057597
v 16.725925 0.000000 11.641849
v 16.725925 -0.000000 11.057597
vt 1.000000 0.000000
vt 1.000000 1.000000
vt 1.000000 1.000000
vt 1.000000 0.000000
vt 1.000000 1.000000
vt 1.000000 1.000000
vt 1.000000 0.000000
vt 1.000000 0.000000
vn -0.0000 -1.0000 0.0000
vn 0.7072 -0.0000 -0.7071
vn 0.7071 0.0000 0.7072
usemtl None
s 1
f 289/289/109 290/290/109 294/291/109 293/292/109
f 290/290/109 292/293/110 296/294/109 294/291/109
f 292/293/110 291/295/111 295/296/109 296/294/109
f 291/295/111 289/289/109 293/292/109 295/296/109
o SEAT11L_Plane.125
v 16.764002 0.000000 11.654523
v 16.764002 -0.000000 11.044923
v 17.373602 0.000000 11.654523
v 17.373602 -0.000000 11.044923
v 16.776676 0.000000 11.641849
v 16.776676 -0.000000 11.057597
v 17.360928 0.000000 11.641849
v 17.360928 -0.000000 11.057597
vt 1.000000 0.000000
vt 1.000000 1.000000
vt 1.000000 1.000000
vt 1.000000 0.000000
vt 1.000000 1.000000
vt 1.000000 1.000000
vt 1.000000 0.000000
vt 1.000000 0.000000
vn -0.0000 -1.0000 0.0000
vn 0.7072 -0.0000 -0.7071
vn 0.7071 0.0000 0.7072
usemtl None
s 1
f 297/297/112 298/298/112 302/299/112 301/300/112
f 298/298/112 300/301/113 304/302/112 302/299/112
f 300/301/113 299/303/114 303/304/112 304/302/112
f 299/303/114 297/297/112 301/300/112 303/304/112
o SEAT12L_Plane.126
v 17.373600 0.000000 11.654523
v 17.373600 -0.000000 11.044923
v 17.983200 0.000000 11.654523
v 17.983200 -0.000000 11.044923
v 17.386274 0.000000 11.641849
v 17.386274 -0.000000 11.057597
v 17.970526 0.000000 11.641849
v 17.970526 -0.000000 11.057597
vt 1.000000 0.000000
vt 1.000000 1.000000
vt 1.000000 1.000000
vt 1.000000 0.000000
vt 1.000000 1.000000
vt 1.000000 1.000000
vt 1.000000 0.000000
vt 1.000000 0.000000
vn -0.0000 -1.0000 0.0000
vn 0.7072 -0.0000 -0.7071
vn 0.7071 0.0000 0.7072
usemtl None
s 1
f 305/305/115 306/306/115 310/307/115 309/308/115
f 306/306/115 308/309/116 312/310/115 310/307/115
f 308/309/116 307/311/117 311/312/115 312/310/115
f 307/311/117 305/305/115 309/308/115 311/312/115
o SEAT13L_Plane.127
v 18.034000 0.000000 11.654523
v 18.034000 -0.000000 11.044923
v 18.643600 0.000000 11.654523
v 18.643600 -0.000000 11.044923
v 18.046675 0.000000 11.641849
v 18.046675 -0.000000 11.057597
v 18.630926 0.000000 11.641849
v 18.630926 -0.000000 11.057597
vt 1.000000 0.000000
vt 1.000000 1.000000
vt 1.000000 1.000000
vt 1.000000 0.000000
vt 1.000000 1.000000
vt 1.000000 1.000000
vt 1.000000 0.000000
vt 1.000000 0.000000
vn -0.0000 -1.0000 0.0000
vn 0.7072 -0.0000 -0.7071
vn 0.7071 0.0000 0.7072
usemtl None
s 1
f 313/313/118 314/314/118 318/315/118 317/316/118
f 314/314/118 316/317/119 320/318/118 318/315/118
f 316/317/119 315/319/120 319/320/118 320/318/118
f 315/319/120 313/313/118 317/316/118 319/320/118
o SEAT14L_Plane.128
v 18.643599 0.000000 11.654523
v 18.643599 -0.000000 11.044923
v 19.253199 0.000000 11.654523
v 19.253199 -0.000000 11.044923
v 18.656273 0.000000 11.641849
v 18.656273 -0.000000 11.057597
v 19.240524 0.000000 11.641849
v 19.240524 -0.000000 11.057597
vt 1.000000 0.000000
vt 1.000000 1.000000
vt 1.000000 1.000000
vt 1.000000 0.000000
vt 1.000000 1.000000
vt 1.000000 1.000000
vt 1.000000 0.000000
vt 1.000000 0.000000
vn -0.0000 -1.0000 0.0000
vn 0.7072 -0.0000 -0.7071
vn 0.7071 0.0000 0.7072
usemtl None
s 1
f 321/321/121 322/322/121 326/323/121 325/324/121
f 322/322/121 324/325/122 328/326/121 326/323/121
f 324/325/122 323/327/123 327/328/121 328/326/121
f 323/327/123 321/321/121 325/324/121 327/328/121
o SEAT15L_Plane.129
v 19.253201 0.000000 11.654523
v 19.253201 -0.000000 11.044923
v 19.862801 0.000000 11.654523
v 19.862801 -0.000000 11.044923
v 19.265875 0.000000 11.641849
v 19.265875 -0.000000 11.057597
v 19.850126 0.000000 11.641849
v 19.850126 -0.000000 11.057597
vt 1.000000 0.000000
vt 1.000000 1.000000
vt 1.000000 1.000000
vt 1.000000 0.000000
vt 1.000000 1.000000
vt 1.000000 1.000000
vt 1.000000 0.000000
vt 1.000000 0.000000
vn -0.0000 -1.0000 0.0000
vn 0.7072 -0.0000 -0.7071
vn 0.7071 0.0000 0.7072
usemtl None
s 1
f 329/329/124 330/330/124 334/331/124 333/332/124
f 330/330/124 332/333/125 336/334/124 334/331/124
f 332/333/125 331/335/126 335/336/124 336/334/124
f 331/335/126 329/329/124 333/332/124 335/336/124
o SEAT16L_Plane.130
v 19.862799 0.000000 11.654523
v 19.862799 -0.000000 11.044923
v 20.472399 0.000000 11.654523
v 20.472399 -0.000000 11.044923
v 19.875473 0.000000 11.641849
v 19.875473 -0.000000 11.057597
v 20.459724 0.000000 11.641849
v 20.459724 -0.000000 11.057597
vt 1.000000 0.000000
vt 1.000000 1.000000
vt 1.000000 1.000000
vt 1.000000 0.000000
vt 1.000000 1.000000
vt 1.000000 1.000000
vt 1.000000 0.000000
vt 1.000000 0.000000
vn -0.0000 -1.0000 0.0000
vn 0.7072 -0.0000 -0.7071
vn 0.7071 0.0000 0.7072
usemtl None
s 1
f 337/337/127 338/338/127 342/339/127 341/340/127
f 338/338/127 340/341/128 344/342/127 342/339/127
f 340/341/128 339/343/129 343/344/127 344/342/127
f 339/343/129 337/337/127 341/340/127 343/344/127
o SEAT17L_Plane.131
v 20.497801 0.000000 11.654523
v 20.497801 -0.000000 11.044923
v 21.107401 0.000000 11.654523
v 21.107401 -0.000000 11.044923
v 20.510475 0.000000 11.641849
v 20.510475 -0.000000 11.057597
v 21.094727 0.000000 11.641849
v 21.094727 -0.000000 11.057597
vt 1.000000 0.000000
vt 1.000000 1.000000
vt 1.000000 1.000000
vt 1.000000 0.000000
vt 1.000000 1.000000
vt 1.000000 1.000000
vt 1.000000 0.000000
vt 1.000000 0.000000
vn -0.0000 -1.0000 0.0000
vn 0.7072 -0.0000 -0.7071
vn 0.7071 0.0000 0.7072
usemtl None
s 1
f 345/345/130 346/346/130 350/347/130 349/348/130
f 346/346/130 348/349/131 352/350/130 350/347/130
f 348/349/131 347/351/132 351/352/130 352/350/130
f 347/351/132 345/345/130 349/348/130 351/352/130
o SEAT18L_Plane.132
v 21.107399 0.000000 11.654523
v 21.107399 -0.000000 11.044923
v 21.716999 0.000000 11.654523
v 21.716999 -0.000000 11.044923
v 21.120073 0.000000 11.641849
v 21.120073 -0.000000 11.057597
v 21.704325 0.000000 11.641849
v 21.704325 -0.000000 11.057597
vt 1.000000 0.000000
vt 1.000000 1.000000
vt 1.000000 1.000000
vt 1.000000 0.000000
vt 1.000000 1.000000
vt 1.000000 1.000000
vt 1.000000 0.000000
vt 1.000000 0.000000
vn -0.0000 -1.0000 0.0000
vn 0.7072 -0.0000 -0.7071
vn 0.7071 0.0000 0.7072
usemtl None
s 1
f 353/353/133 354/354/133 358/355/133 357/356/133
f 354/354/133 356/357/134 360/358/133 358/355/133
f 356/357/134 355/359/135 359/360/133 360/358/133
f 355/359/135 353/353/133 357/356/133 359/360/133
o SEAT19L_Plane.133
v 21.742401 0.000000 11.654523
v 21.742401 -0.000000 11.044923
v 22.352001 0.000000 11.654523
v 22.352001 -0.000000 11.044923
v 21.755075 0.000000 11.641849
v 21.755075 -0.000000 11.057597
v 22.339327 0.000000 11.641849
v 22.339327 -0.000000 11.057597
vt 1.000000 0.000000
vt 1.000000 1.000000
vt 1.000000 1.000000
vt 1.000000 0.000000
vt 1.000000 1.000000
vt 1.000000 1.000000
vt 1.000000 0.000000
vt 1.000000 0.000000
vn -0.0000 -1.0000 0.0000
vn 0.7072 -0.0000 -0.7071
vn 0.7071 0.0000 0.7072
usemtl None
s 1
f 361/361/136 362/362/136 366/363/136 365/364/136
f 362/362/136 364/365/137 368/366/136 366/363/136
f 364/365/137 363/367/138 367/368/136 368/366/136
f 363/367/138 361/361/136 365/364/136 367/368/136
o SEAT20L_Plane.134
v 22.351999 0.000000 11.654523
v 22.351999 -0.000000 11.044923
v 22.961599 0.000000 11.654523
v 22.961599 -0.000000 11.044923
v 22.364674 0.000000 11.641849
v 22.364674 -0.000000 11.057597
v 22.948925 0.000000 11.641849
v 22.948925 -0.000000 11.057597
vt 1.000000 0.000000
vt 1.000000 1.000000
vt 1.000000 1.000000
vt 1.000000 0.000000
vt 1.000000 1.000000
vt 1.000000 1.000000
vt 1.000000 0.000000
vt 1.000000 0.000000
vn -0.0000 -1.0000 0.0000
vn 0.7072 -0.0000 -0.7071
vn 0.7071 0.0000 0.7072
usemtl None
s 1
f 369/369/139 370/370/139 374/371/139 373/372/139
f 370/370/139 372/373/140 376/374/139 374/371/139
f 372/373/140 371/375/141 375/376/139 376/374/139
f 371/375/141 369/369/139 373/372/139 375/376/139
o SEAT21L_Plane.135
v 22.987000 0.000000 11.654523
v 22.987000 -0.000000 11.044923
v 23.596600 0.000000 11.654523
v 23.596600 -0.000000 11.044923
v 22.999674 0.000000 11.641849
v 22.999674 -0.000000 11.057597
v 23.583925 0.000000 11.641849
v 23.583925 -0.000000 11.057597
vt 1.000000 0.000000
vt 1.000000 1.000000
vt 1.000000 1.000000
vt 1.000000 0.000000
vt 1.000000 1.000000
vt 1.000000 1.000000
vt 1.000000 0.000000
vt 1.000000 0.000000
vn -0.0000 -1.0000 0.0000
vn 0.7072 -0.0000 -0.7071
vn 0.7071 0.0000 0.7072
usemtl None
s 1
f 377/377/142 378/378/142 382/379/142 381/380/142
f 378/378/142 380/381/143 384/382/142 382/379/142
f 380/381/143 379/383/144 383/384/142 384/382/142
f 379/383/144 377/377/142 381/380/142 383/384/142
o SEAT22L_Plane.136
v 23.596598 0.000000 11.654523
v 23.596598 -0.000000 11.044923
v 24.206198 0.000000 11.654523
v 24.206198 -0.000000 11.044923
v 23.609272 0.000000 11.641849
v 23.609272 -0.000000 11.057597
v 24.193523 0.000000 11.641849
v 24.193523 -0.000000 11.057597
vt 1.000000 0.000000
vt 1.000000 1.000000
vt 1.000000 1.000000
vt 1.000000 0.000000
vt 1.000000 1.000000
vt 1.000000 1.000000
vt 1.000000 0.000000
vt 1.000000 0.000000
vn -0.0000 -1.0000 0.0000
vn 0.7072 -0.0000 -0.7071
vn 0.7071 0.0000 0.7072
usemtl None
s 1
f 385/385/145 386/386/145 390/387/145 389/388/145
f 386/386/145 388/389/146 392/390/145 390/387/145
f 388/389/146 387/391/147 391/392/145 392/390/145
f 387/391/147 385/385/145 389/388/145 391/392/145
o SEAT23L_Plane.137
v 24.231602 0.000000 11.654523
v 24.231602 -0.000000 11.044923
v 24.841202 0.000000 11.654523
v 24.841202 -0.000000 11.044923
v 24.244276 0.000000 11.641849
v 24.244276 -0.000000 11.057597
v 24.828527 0.000000 11.641849
v 24.828527 -0.000000 11.057597
vt 1.000000 0.000000
vt 1.000000 1.000000
vt 1.000000 1.000000
vt 1.000000 0.000000
vt 1.000000 1.000000
vt 1.000000 1.000000
vt 1.000000 0.000000
vt 1.000000 0.000000
vn -0.0000 -1.0000 0.0000
vn 0.7072 -0.0000 -0.7071
vn 0.7071 0.0000 0.7072
usemtl None
s 1
f 393/393/148 394/394/148 398/395/148 397/396/148
f 394/394/148 396/397/149 400/398/148 398/395/148
f 396/397/149 395/399/150 399/400/148 400/398/148
f 395/399/150 393/393/148 397/396/148 399/400/148
o SEAT24L_Plane.138
v 24.841200 0.000000 11.654523
v 24.841200 -0.000000 11.044923
v 25.450800 0.000000 11.654523
v 25.450800 -0.000000 11.044923
v 24.853874 0.000000 11.641849
v 24.853874 -0.000000 11.057597
v 25.438126 0.000000 11.641849
v 25.438126 -0.000000 11.057597
vt 1.000000 0.000000
vt 1.000000 1.000000
vt 1.000000 1.000000
vt 1.000000 0.000000
vt 1.000000 1.000000
vt 1.000000 1.000000
vt 1.000000 0.000000
vt 1.000000 0.000000
vn -0.0000 -1.0000 0.0000
vn 0.7072 -0.0000 -0.7071
vn 0.7071 0.0000 0.7072
usemtl None
s 1
f 401/401/151 402/402/151 406/403/151 405/404/151
f 402/402/151 404/405/152 408/406/151 406/403/151
f 404/405/152 403/407/153 407/408/151 408/406/151
f 403/407/153 401/401/151 405/404/151 407/408/151
o SEAT25L_Plane.139
v 25.476202 0.000000 11.654523
v 25.476202 -0.000000 11.044923
v 26.085802 0.000000 11.654523
v 26.085802 -0.000000 11.044923
v 25.488876 0.000000 11.641849
v 25.488876 -0.000000 11.057597
v 26.073128 0.000000 11.641849
v 26.073128 -0.000000 11.057597
vt 1.000000 0.000000
vt 1.000000 1.000000
vt 1.000000 1.000000
vt 1.000000 0.000000
vt 1.000000 1.000000
vt 1.000000 1.000000
vt 1.000000 0.000000
vt 1.000000 0.000000
vn -0.0000 -1.0000 0.0000
vn 0.7072 -0.0000 -0.7071
vn 0.7071 0.0000 0.7072
usemtl None
s 1
f 409/409/154 410/410/154 414/411/154 413/412/154
f 410/410/154 412/413/155 416/414/154 414/411/154
f 412/413/155 411/415/156 415/416/154 416/414/154
f 411/415/156 409/409/154 413/412/154 415/416/154
o SEAT26L_Plane.140
v 26.085800 0.000000 11.654523
v 26.085800 -0.000000 11.044923
v 26.695400 0.000000 11.654523
v 26.695400 -0.000000 11.044923
v 26.098475 0.000000 11.641849
v 26.098475 -0.000000 11.057597
v 26.682726 0.000000 11.641849
v 26.682726 -0.000000 11.057597
vt 1.000000 0.000000
vt 1.000000 1.000000
vt 1.000000 1.000000
vt 1.000000 0.000000
vt 1.000000 1.000000
vt 1.000000 1.000000
vt 1.000000 0.000000
vt 1.000000 0.000000
vn -0.0000 -1.0000 0.0000
vn 0.7072 -0.0000 -0.7071
vn 0.7071 0.0000 0.7072
usemtl None
s 1
f 417/417/157 418/418/157 422/419/157 421/420/157
f 418/418/157 420/421/158 424/422/157 422/419/157
f 420/421/158 419/423/159 423/424/157 424/422/157
f 419/423/159 417/417/157 421/420/157 423/424/157
o SEAT27L_Plane.141
v 26.720800 0.000000 11.654523
v 26.720800 -0.000000 11.044923
v 27.330400 0.000000 11.654523
v 27.330400 -0.000000 11.044923
v 26.733475 0.000000 11.641849
v 26.733475 -0.000000 11.057597
v 27.317726 0.000000 11.641849
v 27.317726 -0.000000 11.057597
vt 1.000000 0.000000
vt 1.000000 1.000000
vt 1.000000 1.000000
vt 1.000000 0.000000
vt 1.000000 1.000000
vt 1.000000 1.000000
vt 1.000000 0.000000
vt 1.000000 0.000000
vn -0.0000 -1.0000 0.0000
vn 0.7072 -0.0000 -0.7071
vn 0.7071 0.0000 0.7072
usemtl None
s 1
f 425/425/160 426/426/160 430/427/160 429/428/160
f 426/426/160 428/429/161 432/430/160 430/427/160
f 428/429/161 427/431/162 431/432/160 432/430/160
f 427/431/162 425/425/160 429/428/160 431/432/160
